3	0	1	2	3	4	5	6	7	-1	-1	-1	-1	-1	-1	-1	-1	-1	-1	-1	
4	0	1	2	3	4	5	6	7	-1	-1	-1	-1	-1	-1	-1	-1	-1	-1	-1	
6	8	9	10	11	-1	-1	-1	-1	-1	-1	-1	-1	-1	-1	-1	-1	-1	-1	-1	
9	12	13	14	-1	-1	-1	-1	-1	-1	-1	-1	-1	-1	-1	-1	-1	-1	-1	-1	
10	2	15	16	-1	-1	-1	-1	-1	-1	-1	-1	-1	-1	-1	-1	-1	-1	-1	-1	
11	17	18	19	-1	-1	-1	-1	-1	-1	-1	-1	-1	-1	-1	-1	-1	-1	-1	-1	
12	20	21	-1	-1	-1	-1	-1	-1	-1	-1	-1	-1	-1	-1	-1	-1	-1	-1	-1	
14	22	23	-1	-1	-1	-1	-1	-1	-1	-1	-1	-1	-1	-1	-1	-1	-1	-1	-1	
16	24	25	11	26	27	-1	-1	-1	-1	-1	-1	-1	-1	-1	-1	-1	-1	-1	-1	
18	27	12	24	28	-1	-1	-1	-1	-1	-1	-1	-1	-1	-1	-1	-1	-1	-1	-1	
19	18	29	-1	-1	-1	-1	-1	-1	-1	-1	-1	-1	-1	-1	-1	-1	-1	-1	-1	
20	30	31	32	33	-1	-1	-1	-1	-1	-1	-1	-1	-1	-1	-1	-1	-1	-1	-1	
21	34	35	36	37	-1	-1	-1	-1	-1	-1	-1	-1	-1	-1	-1	-1	-1	-1	-1	
22	30	31	32	33	-1	-1	-1	-1	-1	-1	-1	-1	-1	-1	-1	-1	-1	-1	-1	
23	34	35	36	37	-1	-1	-1	-1	-1	-1	-1	-1	-1	-1	-1	-1	-1	-1	-1	
24	38	39	40	41	-1	-1	-1	-1	-1	-1	-1	-1	-1	-1	-1	-1	-1	-1	-1	
25	12	10	24	-1	-1	-1	-1	-1	-1	-1	-1	-1	-1	-1	-1	-1	-1	-1	-1	
26	42	43	-1	-1	-1	-1	-1	-1	-1	-1	-1	-1	-1	-1	-1	-1	-1	-1	-1	
27	6	44	-1	-1	-1	-1	-1	-1	-1	-1	-1	-1	-1	-1	-1	-1	-1	-1	-1	
28	45	40	-1	-1	-1	-1	-1	-1	-1	-1	-1	-1	-1	-1	-1	-1	-1	-1	-1	
31	46	47	48	-1	-1	-1	-1	-1	-1	-1	-1	-1	-1	-1	-1	-1	-1	-1	-1	
32	20	49	-1	-1	-1	-1	-1	-1	-1	-1	-1	-1	-1	-1	-1	-1	-1	-1	-1	
36	22	50	51	52	53	-1	-1	-1	-1	-1	-1	-1	-1	-1	-1	-1	-1	-1	-1	
37	54	55	2	52	56	-1	-1	-1	-1	-1	-1	-1	-1	-1	-1	-1	-1	-1	-1	
41	57	58	-1	-1	-1	-1	-1	-1	-1	-1	-1	-1	-1	-1	-1	-1	-1	-1	-1	
42	26	13	56	52	59	-1	-1	-1	-1	-1	-1	-1	-1	-1	-1	-1	-1	-1	-1	
43	15	60	-1	-1	-1	-1	-1	-1	-1	-1	-1	-1	-1	-1	-1	-1	-1	-1	-1	
44	9	61	62	56	63	-1	-1	-1	-1	-1	-1	-1	-1	-1	-1	-1	-1	-1	-1	
46	38	57	2	64	-1	-1	-1	-1	-1	-1	-1	-1	-1	-1	-1	-1	-1	-1	-1	
48	56	61	65	66	67	-1	-1	-1	-1	-1	-1	-1	-1	-1	-1	-1	-1	-1	-1	
49	68	69	-1	-1	-1	-1	-1	-1	-1	-1	-1	-1	-1	-1	-1	-1	-1	-1	-1	
50	2	70	51	67	71	-1	-1	-1	-1	-1	-1	-1	-1	-1	-1	-1	-1	-1	-1	
51	72	66	67	-1	-1	-1	-1	-1	-1	-1	-1	-1	-1	-1	-1	-1	-1	-1	-1	
52	46	73	-1	-1	-1	-1	-1	-1	-1	-1	-1	-1	-1	-1	-1	-1	-1	-1	-1	
55	1	17	74	-1	-1	-1	-1	-1	-1	-1	-1	-1	-1	-1	-1	-1	-1	-1	-1	
56	24	65	67	75	26	-1	-1	-1	-1	-1	-1	-1	-1	-1	-1	-1	-1	-1	-1	
58	13	26	50	76	-1	-1	-1	-1	-1	-1	-1	-1	-1	-1	-1	-1	-1	-1	-1	
60	68	20	77	-1	-1	-1	-1	-1	-1	-1	-1	-1	-1	-1	-1	-1	-1	-1	-1	
61	17	55	24	1	78	-1	-1	-1	-1	-1	-1	-1	-1	-1	-1	-1	-1	-1	-1	
62	25	12	75	11	26	-1	-1	-1	-1	-1	-1	-1	-1	-1	-1	-1	-1	-1	-1	
66	35	79	-1	-1	-1	-1	-1	-1	-1	-1	-1	-1	-1	-1	-1	-1	-1	-1	-1	
67	30	80	81	-1	-1	-1	-1	-1	-1	-1	-1	-1	-1	-1	-1	-1	-1	-1	-1	
70	8	72	-1	-1	-1	-1	-1	-1	-1	-1	-1	-1	-1	-1	-1	-1	-1	-1	-1	
74	70	78	22	54	52	-1	-1	-1	-1	-1	-1	-1	-1	-1	-1	-1	-1	-1	-1	
75	47	82	-1	-1	-1	-1	-1	-1	-1	-1	-1	-1	-1	-1	-1	-1	-1	-1	-1	
76	5	45	40	83	-1	-1	-1	-1	-1	-1	-1	-1	-1	-1	-1	-1	-1	-1	-1	
77	34	84	85	40	86	-1	-1	-1	-1	-1	-1	-1	-1	-1	-1	-1	-1	-1	-1	
78	27	87	84	85	3	40	88	80	-1	-1	-1	-1	-1	-1	-1	-1	-1	-1	-1	
79	27	87	84	85	3	40	88	80	-1	-1	-1	-1	-1	-1	-1	-1	-1	-1	-1	
80	2	89	-1	-1	-1	-1	-1	-1	-1	-1	-1	-1	-1	-1	-1	-1	-1	-1	-1	
81	20	90	-1	-1	-1	-1	-1	-1	-1	-1	-1	-1	-1	-1	-1	-1	-1	-1	-1	
82	75	26	62	13	67	-1	-1	-1	-1	-1	-1	-1	-1	-1	-1	-1	-1	-1	-1	
84	88	45	31	42	0	-1	-1	-1	-1	-1	-1	-1	-1	-1	-1	-1	-1	-1	-1	