1475	1	1	1
565	1	1	2
1222	1	1	3
1627	1	1	4
2096	1	1	6
3034	1	1	7
115	1	1	8
1054	1	1	10
1826	1	1	12
2402	1	1	14
649	1	1	16
2245	1	1	18
1884	1	1	19
824	1	1	21
2861	1	1	25
2143	1	1	26
2497	1	1	27
1772	1	1	28
695	1	1	29
576	1	1	30
1888	1	1	31
426	1	1	34
2467	1	1	35
82	1	1	36
357	1	1	37
1219	1	1	38
2816	1	1	41
2524	1	1	44
1886	1	1	45
180	1	1	46
1148	1	1	47
2012	1	1	48
1891	1	1	49
132	1	1	50
1676	1	1	51
2289	1	1	53
2866	1	1	54
66	1	1	56
2979	1	1	59
1595	1	1	60
2984	1	1	62
1549	1	1	64
2447	1	1	65
1386	1	1	67
478	1	1	69
1732	1	1	70
2080	1	1	71
193	1	1	73
33	1	1	74
2471	1	1	75
793	1	1	76
838	1	1	77
1147	1	1	78
597	1	1	79
1303	1	1	80
2836	1	1	81
1724	1	1	82
2696	1	1	83
1726	1	1	84
1095	1	1	85
482	1	1	86
875	1	1	88
693	1	1	91
1388	1	1	93
1842	1	1	94
1841	1	1	95
371	1	1	96
1928	1	1	97
759	1	1	98
2322	1	1	101
1043	1	1	102
1970	1	1	105
2093	1	1	109
1761	1	1	110
777	1	1	112
2389	1	1	113
1672	1	1	114
1842	0	1	5
1724	0	1	9
1429	0	1	11
1718	0	1	13
1256	0	1	15
1724	0	1	17
1724	0	1	20
2497	0	1	22
1724	0	1	23
1256	0	1	24
1732	0	1	32
2524	0	1	33
1736	0	1	39
1886	0	1	40
2733	0	1	42
2286	0	1	43
1842	0	1	52
576	0	1	55
838	0	1	57
2497	0	1	58
1222	0	1	61
2836	0	1	63
1870	0	1	66
2471	0	1	68
1043	0	1	72
1886	0	1	87
2729	0	1	89
1826	0	1	90
1841	0	1	92
2066	0	1	99
1222	0	1	100
1886	0	1	103
2733	0	1	104
1388	0	1	106
1075	0	1	107
597	0	1	108
2836	0	1	111
401	1	2	5
2729	1	2	9
2822	1	2	11
2052	1	2	13
908	1	2	15
1088	1	2	20
1256	1	2	23
368	1	2	24
1429	1	2	32
458	1	2	39
710	1	2	42
1718	1	2	43
3023	1	2	52
2960	1	2	55
110	1	2	58
1411	1	2	61
2733	1	2	63
2139	1	2	89
2964	1	2	90
62	1	2	92
355	1	2	99
1694	1	2	100
2603	1	2	108
368	0	2	1
357	0	2	2
1736	0	2	3
1842	0	2	4
3242	0	2	6
3072	0	2	7
1694	0	2	8
2675	0	2	10
382	0	2	12
782	0	2	14
1656	0	2	16
2467	0	2	17
710	0	2	18
647	0	2	19
1724	0	2	21
1388	0	2	22
1429	0	2	25
42	0	2	26
1388	0	2	27
824	0	2	28
2325	0	2	29
2943	0	2	30
1043	0	2	31
1043	0	2	33
597	0	2	34
2524	0	2	35
841	0	2	36
2325	0	2	37
458	0	2	38
576	0	2	40
1043	0	2	41
1378	0	2	44
1761	0	2	45
1514	0	2	46
1279	0	2	47
825	0	2	48
1279	0	2	49
2960	0	2	50
2325	0	2	51
2927	0	2	53
1350	0	2	54
565	0	2	56
1043	0	2	57
2497	0	2	59
1842	0	2	60
1549	0	2	62
2093	0	2	64
1616	0	2	65
2979	0	2	66
802	0	2	67
1886	0	2	68
3019	0	2	69
1671	0	2	70
1724	0	2	71
2524	0	2	72
2497	0	2	73
1870	0	2	74
1870	0	2	75
2836	0	2	76
2062	0	2	77
1088	0	2	78
2664	0	2	79
1675	0	2	80
793	0	2	81
1411	0	2	82
2093	0	2	83
1429	0	2	84
2524	0	2	85
842	0	2	86
193	0	2	87
1531	0	2	88
1841	0	2	91
1138	0	2	93
1549	0	2	94
2632	0	2	95
382	0	2	96
2283	0	2	97
1470	0	2	98
1679	0	2	101
1694	0	2	102
1870	0	2	103
82	0	2	104
82	0	2	105
382	0	2	106
1138	0	2	107
1830	0	2	109
722	0	2	110
2733	0	2	111
1219	0	2	112
1226	0	2	114
1670	1	3	17
1201	1	3	22
2286	1	3	57
39	1	3	68
498	1	3	72
1138	1	3	104
1762	1	3	111
961	0	3	1
1982	0	3	2
376	0	3	4
1982	0	3	5
1201	0	3	6
2816	0	3	7
1671	0	3	8
1378	0	3	9
2012	0	3	10
97	0	3	11
2603	0	3	12
1340	0	3	13
1897	0	3	14
1810	0	3	15
597	0	3	16
841	0	3	18
1514	0	3	19
2524	0	3	20
1256	0	3	21
1099	0	3	23
2594	0	3	24
1726	0	3	25
2012	0	3	26
2979	0	3	27
2268	0	3	28
1891	0	3	29
1627	0	3	30
1694	0	3	31
2861	0	3	32
1694	0	3	33
2080	0	3	34
1670	0	3	35
2733	0	3	36
2578	0	3	37
2594	0	3	38
1670	0	3	39
2497	0	3	40
2524	0	3	41
1201	0	3	42
565	0	3	43
1154	0	3	44
893	0	3	45
1839	0	3	46
1063	0	3	47
57	0	3	48
1063	0	3	49
710	0	3	50
1320	0	3	51
306	0	3	52
581	0	3	53
371	0	3	55
842	0	3	56
1627	0	3	58
368	0	3	60
1724	0	3	61
1303	0	3	62
1870	0	3	63
458	0	3	64
840	0	3	65
576	0	3	66
72	0	3	67
2510	0	3	69
2143	0	3	70
1411	0	3	71
2836	0	3	73
1075	0	3	74
1075	0	3	75
498	0	3	76
1671	0	3	77
2467	0	3	78
1982	0	3	79
1772	0	3	80
376	0	3	81
2975	0	3	82
1545	0	3	83
2822	0	3	84
2055	0	3	85
1320	0	3	86
1627	0	3	87
1013	0	3	88
1814	0	3	89
802	0	3	90
2280	0	3	91
2280	0	3	92
382	0	3	93
2093	0	3	94
1470	0	3	95
3242	0	3	96
2680	0	3	97
983	0	3	98
3028	0	3	99
1679	0	3	100
426	0	3	101
1679	0	3	102
1388	0	3	103
1138	0	3	105
1627	0	3	106
382	0	3	107
458	0	3	108
2603	0	3	109
1088	0	3	110
498	0	3	112
1671	0	3	114
841	1	4	33
201	1	4	40
1770	1	4	66
3079	1	4	106
840	1	4	107
1219	0	4	1
368	0	4	2
368	0	4	4
2665	0	4	5
841	0	4	6
634	0	4	7
1271	0	4	8
1736	0	4	9
2052	0	4	10
2296	0	4	11
2935	0	4	12
1671	0	4	13
3072	0	4	14
2228	0	4	15
1650	0	4	16
2021	0	4	17
2733	0	4	18
2090	0	4	19
2776	0	4	20
1670	0	4	21
33	0	4	22
2598	0	4	23
2873	0	4	25
3093	0	4	26
1841	0	4	28
2514	0	4	29
1761	0	4	30
1340	0	4	31
2296	0	4	32
1736	0	4	34
1378	0	4	35
710	0	4	36
1043	0	4	37
1670	0	4	38
1219	0	4	39
1814	0	4	41
3008	0	4	42
1552	0	4	43
1530	0	4	44
1209	0	4	46
592	0	4	47
2729	0	4	48
1813	0	4	49
368	0	4	50
2052	0	4	51
1656	0	4	52
2935	0	4	55
1671	0	4	56
2498	0	4	58
1391	0	4	60
824	0	4	61
1388	0	4	63
1072	0	4	64
3242	0	4	67
1388	0	4	68
592	0	4	69
357	0	4	70
1982	0	4	71
1088	0	4	72
1870	0	4	73
1549	0	4	76
842	0	4	77
2816	0	4	78
2268	0	4	79
824	0	4	80
1970	0	4	81
1982	0	4	82
2020	0	4	83
2873	0	4	84
2286	0	4	85
961	0	4	86
33	0	4	87
1674	0	4	88
825	0	4	89
2709	0	4	90
62	0	4	91
693	0	4	92
1545	0	4	93
1545	0	4	94
1675	0	4	95
132	0	4	96
1320	0	4	97
1397	0	4	98
2379	0	4	99
2296	0	4	100
1670	0	4	101
2296	0	4	102
1201	0	4	103
376	0	4	104
376	0	4	105
2333	0	4	108
3079	0	4	109
1491	0	4	110
841	0	4	111
1036	0	4	114
1088	0	5	1
2640	0	5	2
1873	0	5	4
1388	0	5	6
1475	0	5	7
1204	0	5	8
1670	0	5	9
658	0	5	10
2873	0	5	11
2709	0	5	12
1203	0	5	13
634	0	5	14
1497	0	5	15
324	0	5	16
306	0	5	17
3008	0	5	18
485	0	5	19
1582	0	5	20
2080	0	5	21
2245	0	5	22
2723	0	5	23
2640	0	5	25
2229	0	5	26
759	0	5	28
2849	0	5	29
1826	0	5	30
2386	0	5	31
565	0	5	32
1340	0	5	33
1841	0	5	34
1736	0	5	35
3008	0	5	36
2363	0	5	37
2729	0	5	38
1982	0	5	39
382	0	5	40
1475	0	5	41
1072	0	5	42
2386	0	5	43
777	0	5	44
1891	0	5	47
1582	0	5	48
592	0	5	49
2935	0	5	50
2363	0	5	51
1530	0	5	52
535	0	5	55
860	0	5	56
382	0	5	58
3008	0	5	60
1736	0	5	61
1970	0	5	63
2020	0	5	64
383	0	5	66
2497	0	5	68
1429	0	5	70
458	0	5	71
2286	0	5	72
2979	0	5	73
2733	0	5	76
2066	0	5	77
824	0	5	79
1656	0	5	80
2975	0	5	81
458	0	5	82
2296	0	5	84
498	0	5	85
2052	0	5	86
1388	0	5	87
1530	0	5	89
419	0	5	90
523	0	5	91
890	0	5	93
368	0	5	94
2289	0	5	95
576	0	5	96
1145	0	5	97
1772	0	5	98
1310	0	5	99
1762	0	5	100
1762	0	5	102
1761	0	5	103
841	0	5	104
841	0	5	105
3242	0	5	106
841	0	5	107
802	0	5	109
2769	0	5	110
2322	0	5	111
961	0	5	114
382	1	6	87
755	1	6	103
1982	0	6	1
824	0	6	9
323	0	6	11
3056	0	6	12
260	0	6	13
1099	0	6	14
324	0	6	17
1391	0	6	18
3072	0	6	20
1736	0	6	21
860	0	6	26
649	0	6	28
2052	0	6	31
2640	0	6	32
2386	0	6	33
1656	0	6	34
1982	0	6	35
1842	0	6	36
3093	0	6	37
1982	0	6	38
452	0	6	39
1627	0	6	40
2594	0	6	41
840	0	6	42
2190	0	6	43
2603	0	6	44
1320	0	6	47
3023	0	6	48
1320	0	6	49
2709	0	6	50
2975	0	6	61
1491	0	6	63
1545	0	6	64
1523	0	6	66
72	0	6	68
2268	0	6	71
2085	0	6	79
2268	0	6	80
1842	0	6	82
1523	0	6	90
1032	0	6	94
1770	0	6	96
824	0	6	98
2187	0	6	99
565	0	6	100
565	0	6	102
2975	0	6	104
2975	0	6	105
840	0	6	106
2020	0	6	109
320	0	6	110
3008	0	6	111
565	0	7	1
1982	0	7	9
1770	0	7	12
860	0	7	13
306	0	7	21
1736	0	7	28
2052	0	7	33
2085	0	7	34
104	0	7	35
1491	0	7	36
1888	0	7	37
3023	0	7	38
3023	0	7	39
1826	0	7	40
1627	0	7	42
1670	0	7	44
2289	0	7	80
2322	0	7	87
2567	0	7	100
2567	0	7	102
678	0	7	103
3008	0	7	104
3008	0	7	105
840	0	7	111
1627	0	8	1
324	0	8	21
2927	0	8	28
759	0	8	34
3242	0	8	36
1849	0	8	37
2964	0	8	40
535	0	8	42
1982	0	8	44
1491	0	8	104
1491	0	8	105
209	0	9	1
355	0	9	21
2665	0	9	28
1351	0	9	36
2680	0	9	37
1391	0	9	42
840	0	9	104
1530	0	9	105
2020	0	10	36
840	0	10	105
1391	0	11	36
802	0	12	36
