3167	0	1	1
3412	0	1	2
3225	1	1	3
3300	1	1	4
3329	1	1	6
3259	0	1	7
3669	1	1	8
2743	0	1	9
2229	1	1	10
3288	0	1	11
3162	1	1	12
3173	0	1	13
383	1	1	14
3307	0	1	15
3373	1	1	16
3628	1	1	17
2476	0	1	18
280	1	1	19
3174	1	1	20
3791	0	1	21
3259	0	1	22
3688	1	1	23
3629	0	1	24
3591	1	1	25
1929	1	1	26
2598	1	1	27
3167	1	1	28
3578	0	1	29
3676	1	1	30
3374	1	1	31
3637	0	1	32
3578	1	1	33
3229	1	1	34
2476	0	1	35
3374	0	1	36
1320	1	1	37
1745	1	1	38
3724	0	1	39
2569	1	1	40
3423	0	1	41
3565	0	1	42
3468	0	1	43
209	1	1	44
2327	1	1	45
3199	1	1	46
3217	0	1	47
3629	1	1	48
1552	1	1	49
1552	0	1	50
2675	1	1	51
3139	1	1	52
3706	1	1	53
3244	1	1	54
860	1	1	55
3693	1	1	56
3162	0	1	57
2327	0	1	58
3771	0	1	59
1745	0	1	60
323	1	1	61
3173	0	1	62
3787	1	1	63
3592	1	1	64
2476	1	1	65
452	1	1	66
3307	0	1	67
2547	1	1	68
2499	1	1	69
3259	1	1	70
3438	1	1	71
3297	1	1	72
1671	1	1	73
3672	1	1	74
1378	1	1	75
3691	1	1	76
2975	1	1	77
3483	1	1	78
3770	1	1	79
3230	1	1	80
3099	0	1	81
3365	1	1	82
3545	1	1	83
3791	1	1	84
3629	0	1	85
3099	1	1	86
3116	1	1	87
722	0	1	88
3582	1	1	89
2476	0	1	90
3620	1	1	91
452	0	1	92
3005	1	1	93
2021	0	1	94
3568	1	1	95
452	0	1	96
3478	1	1	97
3445	1	1	98
3592	0	1	99
2232	1	1	100
2021	0	1	101
2021	0	1	102
3753	0	1	103
3345	1	1	104
3442	1	1	105
2476	0	1	106
3724	1	1	107
3595	0	1	108
3217	1	1	109
3656	1	1	110
3513	1	1	111
3535	1	1	112
3780	1	1	113
2877	1	1	114
481	1	1	115
3704	1	1	116
3423	1	1	117
3116	0	1	118
3629	0	1	119
3265	1	1	120
3668	0	1	121
3468	1	1	5
3283	1	2	1
3625	1	2	2
2283	0	2	3
3125	0	2	4
3314	0	2	6
860	0	2	7
3162	0	2	8
3465	1	2	9
3535	0	2	10
1165	1	2	11
3656	0	2	12
3467	1	2	13
3656	0	2	14
3266	1	2	15
1072	0	2	16
3672	0	2	17
860	0	2	18
860	0	2	19
3374	0	2	20
860	0	2	21
860	0	2	22
3116	0	2	23
3672	0	2	24
3559	0	2	25
2325	0	2	26
634	0	2	27
2021	0	2	28
2873	1	2	29
1523	0	2	30
3754	0	2	31
592	1	2	32
3418	0	2	33
3479	0	2	34
3125	1	2	35
3493	1	2	36
961	0	2	37
3559	0	2	38
3442	0	2	39
495	1	2	41
3164	1	2	42
3592	0	2	43
3072	0	2	44
3188	0	2	45
3683	0	2	46
1852	1	2	47
3116	0	2	48
3552	0	2	49
3552	1	2	50
3509	0	2	51
3173	0	2	52
3493	0	2	53
3217	0	2	54
1582	0	2	55
3106	0	2	56
3493	0	2	57
3235	0	2	58
432	1	2	59
1582	1	2	60
97	0	2	61
3688	0	2	62
961	0	2	63
2927	0	2	64
3578	0	2	65
3565	0	2	66
3173	0	2	67
3125	0	2	68
383	0	2	69
280	0	2	70
3345	0	2	71
3162	0	2	72
3663	0	2	73
3269	0	2	74
3791	0	2	75
3771	0	2	76
3592	0	2	77
3753	0	2	78
3598	0	2	79
3188	0	2	80
3345	0	2	81
3693	0	2	82
3442	0	2	83
3724	0	2	84
3345	0	2	85
3345	0	2	86
3555	0	2	87
3574	1	2	88
3484	0	2	89
3484	1	2	90
3174	0	2	91
3173	1	2	92
1377	0	2	93
3262	0	2	94
647	0	2	95
3789	1	2	96
3120	0	2	97
3406	0	2	98
3307	1	2	99
961	0	2	100
3332	1	2	101
3164	0	2	102
2750	1	2	103
3629	0	2	104
1165	0	2	105
1690	1	2	106
3116	0	2	107
3335	1	2	108
3503	0	2	109
1545	0	2	110
3269	0	2	111
1813	0	2	112
3375	0	2	113
3300	0	2	114
3578	0	2	115
3688	0	2	116
3563	0	2	117
3688	0	2	118
3438	0	2	119
3685	0	2	120
3371	1	2	121
3375	0	2	5
3332	0	3	1
3630	0	3	2
3188	0	3	3
3305	0	3	4
3678	0	3	6
3345	0	3	7
3753	0	3	8
1852	0	3	9
3357	0	3	10
2873	0	3	11
3217	0	3	12
3235	0	3	13
590	0	3	14
3173	0	3	15
2877	0	3	17
1204	0	3	18
1204	0	3	19
3493	0	3	20
1204	0	3	21
1204	1	3	22
3266	0	3	23
2877	0	3	24
3768	0	3	25
1	0	3	26
3290	0	3	27
3332	0	3	28
3288	0	3	29
3633	0	3	30
3753	0	3	31
3357	0	3	32
3500	0	3	33
1839	0	3	34
2325	0	3	35
3358	0	3	36
2232	0	3	37
3167	0	3	38
3418	1	3	39
349	0	3	41
3170	0	3	42
3542	1	3	43
1852	0	3	45
495	0	3	46
3668	0	3	47
3565	0	3	48
495	0	3	49
495	0	3	50
495	0	3	51
3188	0	3	52
383	0	3	53
3290	0	3	54
3222	0	3	55
3493	0	3	56
3106	1	3	57
3184	1	3	58
3174	0	3	59
2849	0	3	61
3592	0	3	62
3509	0	3	63
3467	0	3	64
280	0	3	65
3391	0	3	66
2021	0	3	67
3335	0	3	68
2547	0	3	69
3687	0	3	70
3672	0	3	72
3715	0	3	73
3373	0	3	74
3306	0	3	75
3345	0	3	76
3691	0	3	77
3374	0	3	78
3117	0	3	79
3389	0	3	80
3672	0	3	81
452	0	3	82
3563	0	3	83
1601	0	3	84
3687	1	3	85
3687	0	3	86
3188	0	3	87
3560	0	3	88
3535	0	3	89
3535	0	3	90
3691	0	3	91
3395	0	3	92
585	0	3	93
3609	1	3	94
1194	0	3	95
3636	0	3	96
3147	0	3	97
2038	0	3	98
3542	0	3	99
209	0	3	100
3542	0	3	101
1470	1	3	102
3761	0	3	103
2877	0	3	104
3578	0	3	105
2675	0	3	106
3592	0	3	107
1378	0	3	109
3639	0	3	110
3297	0	3	111
2877	0	3	112
3213	0	3	113
3780	0	3	114
3511	0	3	115
3511	0	3	116
3511	0	3	117
3306	1	3	118
3300	0	3	119
3724	0	3	120
3198	0	3	121
3306	0	3	5
1470	0	4	1
3123	0	4	2
3758	0	4	4
3427	0	4	6
3188	1	4	7
3706	0	4	8
2325	0	4	10
3008	0	4	12
3542	0	4	13
3162	0	4	14
2021	0	4	15
3633	0	4	17
2873	0	4	18
3442	0	4	19
3618	0	4	20
2873	0	4	21
2873	0	4	22
3622	0	4	23
3633	0	4	24
1204	0	4	26
430	0	4	27
2665	0	4	28
3663	0	4	29
1072	0	4	30
3261	0	4	31
1517	0	4	32
495	0	4	33
860	0	4	35
2333	0	4	36
209	0	4	37
3592	0	4	38
961	0	4	39
2232	0	4	41
1650	0	4	42
3616	0	4	43
3244	0	4	45
1145	0	4	46
3465	0	4	47
3125	0	4	48
3663	0	4	49
3663	0	4	50
3536	0	4	51
3161	0	4	52
3672	0	4	53
3397	0	4	54
2598	0	4	55
1523	0	4	56
1523	0	4	57
3542	0	4	58
3101	0	4	60
780	0	4	61
3235	1	4	62
1204	0	4	63
3591	0	4	64
42	0	4	65
3542	0	4	66
2311	1	4	67
3300	0	4	68
3244	0	4	70
3528	0	4	72
2056	0	4	73
3319	0	4	74
3202	0	4	75
3633	0	4	76
3262	0	4	77
2333	0	4	78
3546	0	4	79
3693	0	4	80
3472	1	4	81
3391	0	4	82
3418	0	4	83
3484	0	4	84
3269	0	4	85
3269	0	4	86
3173	0	4	87
1310	0	4	88
3511	0	4	89
3511	0	4	90
3374	0	4	91
3542	0	4	92
1839	0	4	93
2929	0	4	94
585	0	4	95
747	0	4	96
324	0	4	97
3575	0	4	98
3616	0	4	99
3418	0	4	100
3167	0	4	101
3318	0	4	102
590	0	4	103
3483	0	4	104
3418	0	4	105
3072	0	4	106
3072	0	4	107
3668	0	4	109
3297	0	4	110
3359	0	4	111
3220	0	4	112
3636	0	4	113
3008	0	4	114
3418	0	4	115
3418	0	4	116
3418	0	4	117
3484	0	4	118
3472	0	4	119
3484	0	4	120
3217	0	4	5
3409	0	5	1
3244	0	5	4
3215	0	5	6
3125	0	5	7
3174	0	5	8
1204	0	5	10
96	0	5	12
581	0	5	13
1523	0	5	14
3565	0	5	15
3125	0	5	17
3500	0	5	18
2873	0	5	19
3706	0	5	20
3500	1	5	21
3500	0	5	22
3188	0	5	23
3125	0	5	24
3582	0	5	26
1582	0	5	27
3542	0	5	28
2449	0	5	29
3220	0	5	30
3584	0	5	31
2849	0	5	33
3220	0	5	35
383	0	5	36
3745	0	5	37
3511	0	5	39
2514	0	5	41
3146	0	5	42
2021	0	5	43
3217	0	5	45
3286	0	5	46
510	0	5	47
3161	0	5	48
1320	0	5	49
1320	0	5	50
3749	0	5	51
3306	0	5	52
3106	0	5	53
3687	0	5	54
1	0	5	55
432	0	5	57
3282	0	5	60
3388	0	5	61
3555	0	5	62
1517	0	5	63
3768	0	5	64
1690	0	5	65
2927	0	5	66
2387	0	5	67
3687	0	5	68
3188	0	5	70
3639	0	5	72
42	0	5	73
3513	0	5	74
3244	0	5	75
3374	0	5	76
3687	0	5	77
3754	0	5	78
3440	0	5	79
3335	0	5	81
2975	0	5	82
3578	0	5	83
3511	0	5	84
3672	0	5	85
3672	0	5	86
2664	0	5	87
2379	0	5	88
42	0	5	89
42	0	5	90
3319	0	5	91
3307	0	5	92
3616	0	5	94
3791	0	5	95
2551	0	5	96
1644	0	5	97
3173	0	5	99
3312	0	5	100
3164	0	5	101
3118	0	5	102
3106	0	5	103
3438	0	5	104
3306	0	5	109
3513	0	5	110
3639	0	5	111
3300	0	5	112
3147	0	5	113
3269	0	5	114
1601	0	5	115
1601	0	5	116
1601	0	5	117
3613	0	5	118
3656	0	5	119
3161	0	5	5
3542	0	6	1
3008	0	6	4
3484	0	6	7
3430	0	6	12
3444	0	6	13
3761	0	6	14
3468	0	6	15
3438	0	6	17
3563	1	6	18
3500	0	6	19
3348	0	6	20
3563	0	6	21
3563	0	6	22
1601	0	6	23
3438	0	6	24
3144	0	6	26
3444	0	6	28
3162	0	6	30
323	0	6	33
1204	0	6	35
3106	0	6	36
349	0	6	37
3688	0	6	39
3749	0	6	41
3409	0	6	42
3555	0	6	43
3222	0	6	45
3422	0	6	46
3737	0	6	47
3238	0	6	49
3238	0	6	50
3235	0	6	52
3618	0	6	53
3616	0	6	54
3072	0	6	55
3072	0	6	60
3542	0	6	62
2232	0	6	63
3616	0	6	64
1204	0	6	65
2333	0	6	68
3513	0	6	72
1929	0	6	73
3359	0	6	74
3629	0	6	76
3307	0	6	77
1523	0	6	78
1702	0	6	79
3220	0	6	81
2877	0	6	85
2877	0	6	86
3395	0	6	87
2753	0	6	89
2753	0	6	90
3706	0	6	91
3072	0	6	95
3096	0	6	97
349	0	6	100
3485	0	6	101
2665	0	6	102
432	0	6	103
3405	0	6	109
3359	0	6	110
3641	0	6	112
523	0	6	113
3359	0	6	114
3503	0	6	118
3618	1	6	119
3225	0	6	5
1813	0	7	7
1391	0	7	12
3106	0	7	14
452	0	7	15
3220	0	7	17
42	0	7	18
3563	0	7	19
3633	0	7	21
42	0	7	22
3262	0	7	23
3220	1	7	24
3706	0	7	30
3431	0	7	36
592	0	7	37
1204	0	7	39
3164	0	7	43
3555	0	7	45
2578	0	7	49
2578	0	7	50
3468	0	7	52
3319	0	7	53
3332	0	7	62
1161	0	7	63
3307	0	7	64
3663	0	7	65
3463	0	7	68
3008	0	7	72
3500	0	7	73
3174	0	7	76
3748	0	7	79
3472	0	7	85
3472	0	7	86
3542	0	7	87
3483	0	7	91
1856	0	7	101
3139	0	7	102
3599	0	7	103
3555	0	7	109
3217	0	7	110
3789	0	7	113
3555	0	7	118
3687	0	7	119
1470	0	7	5
3262	0	8	15
3758	0	8	17
3028	0	8	18
42	0	8	19
42	0	8	21
3028	0	8	22
452	0	8	23
3758	0	8	24
42	0	8	49
42	0	8	50
3184	0	8	52
3744	0	8	62
3618	0	8	68
3437	0	8	72
1161	0	8	73
3130	0	8	76
3444	0	8	102
3244	0	8	109
324	0	8	113
1601	0	8	118
3319	0	8	119
3559	0	9	15
1072	0	9	17
3662	0	9	18
3028	0	9	19
3662	0	9	21
3662	0	9	22
1072	0	9	24
3749	0	9	49
3749	0	9	50
3375	0	9	62
3232	0	9	102
2882	0	9	109
3676	0	9	119
3706	0	10	17
1161	0	10	18
3662	0	10	19
1161	0	10	21
1161	0	10	22
3687	0	10	24
1810	0	10	49
1810	0	10	50
3300	0	11	17
2232	0	11	18
1161	0	11	19
3222	0	11	21
2232	0	11	22
3300	0	11	24
3222	0	12	18
2232	0	12	19
780	0	12	21
3222	0	12	22
780	0	13	18
3222	0	13	19
2229	0	13	21
780	0	13	22
3728	0	14	18
780	0	14	19
3728	0	14	22
2229	0	15	18
3728	0	15	19
2229	0	15	22
2229	0	16	19
