1	2243	1397	2883	905	3074	-1	-1	-1	-1	-1	-1	-1	-1	-1	-1	-1	-1	-1	-1	
2	1459	1167	2448	539	3	-1	-1	-1	-1	-1	-1	-1	-1	-1	-1	-1	-1	-1	-1	
3	820	1735	2766	2477	1559	1207	2717	2335	371	1410	-1	-1	-1	-1	-1	-1	-1	-1	-1	
4	820	1735	2766	2477	1559	1207	2717	2335	371	1410	-1	-1	-1	-1	-1	-1	-1	-1	-1	
5	1367	223	1651	1201	1207	-1	-1	-1	-1	-1	-1	-1	-1	-1	-1	-1	-1	-1	-1	
6	2405	1772	677	1930	-1	-1	-1	-1	-1	-1	-1	-1	-1	-1	-1	-1	-1	-1	-1	
7	1273	1853	3026	1471	-1	-1	-1	-1	-1	-1	-1	-1	-1	-1	-1	-1	-1	-1	-1	
8	2502	2354	2516	-1	-1	-1	-1	-1	-1	-1	-1	-1	-1	-1	-1	-1	-1	-1	-1	
9	1822	2638	515	1707	1643	-1	-1	-1	-1	-1	-1	-1	-1	-1	-1	-1	-1	-1	-1	
10	2766	2688	2878	2852	2183	-1	-1	-1	-1	-1	-1	-1	-1	-1	-1	-1	-1	-1	-1	
11	390	549	2694	1937	769	-1	-1	-1	-1	-1	-1	-1	-1	-1	-1	-1	-1	-1	-1	
12	715	384	1639	2729	2669	-1	-1	-1	-1	-1	-1	-1	-1	-1	-1	-1	-1	-1	-1	
13	231	1636	3026	2962	-1	-1	-1	-1	-1	-1	-1	-1	-1	-1	-1	-1	-1	-1	-1	
14	2301	2554	2766	1651	2781	-1	-1	-1	-1	-1	-1	-1	-1	-1	-1	-1	-1	-1	-1	
15	1228	611	549	1167	557	-1	-1	-1	-1	-1	-1	-1	-1	-1	-1	-1	-1	-1	-1	
16	1338	316	1930	562	78	-1	-1	-1	-1	-1	-1	-1	-1	-1	-1	-1	-1	-1	-1	
17	2944	1651	2618	1605	1685	-1	-1	-1	-1	-1	-1	-1	-1	-1	-1	-1	-1	-1	-1	
18	78	1822	1338	712	562	-1	-1	-1	-1	-1	-1	-1	-1	-1	-1	-1	-1	-1	-1	
19	549	120	1527	-1	-1	-1	-1	-1	-1	-1	-1	-1	-1	-1	-1	-1	-1	-1	-1	
20	777	1395	2516	2966	612	1960	749	-1	-1	-1	-1	-1	-1	-1	-1	-1	-1	-1	-1	
21	967	1089	36	566	1055	325	2785	-1	-1	-1	-1	-1	-1	-1	-1	-1	-1	-1	-1	
22	777	1395	2516	2966	612	1960	749	-1	-1	-1	-1	-1	-1	-1	-1	-1	-1	-1	-1	
23	967	1089	36	566	1055	325	2785	-1	-1	-1	-1	-1	-1	-1	-1	-1	-1	-1	-1	
24	3065	749	217	1004	967	-1	-1	-1	-1	-1	-1	-1	-1	-1	-1	-1	-1	-1	-1	
25	1822	677	1338	-1	-1	-1	-1	-1	-1	-1	-1	-1	-1	-1	-1	-1	-1	-1	-1	
26	1505	1360	396	1559	69	-1	-1	-1	-1	-1	-1	-1	-1	-1	-1	-1	-1	-1	-1	
27	2717	391	715	1360	2195	-1	-1	-1	-1	-1	-1	-1	-1	-1	-1	-1	-1	-1	-1	
28	2757	217	-1	-1	-1	-1	-1	-1	-1	-1	-1	-1	-1	-1	-1	-1	-1	-1	-1	
29	698	2638	515	1665	18	-1	-1	-1	-1	-1	-1	-1	-1	-1	-1	-1	-1	-1	-1	
30	540	611	1228	547	798	-1	-1	-1	-1	-1	-1	-1	-1	-1	-1	-1	-1	-1	-1	
31	2509	1199	2316	2779	2688	-1	-1	-1	-1	-1	-1	-1	-1	-1	-1	-1	-1	-1	-1	
32	715	2195	1488	2316	1207	-1	-1	-1	-1	-1	-1	-1	-1	-1	-1	-1	-1	-1	-1	
33	1849	1367	384	798	210	-1	-1	-1	-1	-1	-1	-1	-1	-1	-1	-1	-1	-1	-1	
34	1837	1665	905	-1	-1	-1	-1	-1	-1	-1	-1	-1	-1	-1	-1	-1	-1	-1	-1	
35	1311	36	2578	1207	1828	-1	-1	-1	-1	-1	-1	-1	-1	-1	-1	-1	-1	-1	-1	
36	2301	2469	1726	1231	769	-1	-1	-1	-1	-1	-1	-1	-1	-1	-1	-1	-1	-1	-1	
37	1880	544	2766	1231	905	-1	-1	-1	-1	-1	-1	-1	-1	-1	-1	-1	-1	-1	-1	
38	1447	1059	604	2896	1167	-1	-1	-1	-1	-1	-1	-1	-1	-1	-1	-1	-1	-1	-1	
39	2725	1665	515	562	712	-1	-1	-1	-1	-1	-1	-1	-1	-1	-1	-1	-1	-1	-1	
40	937	-1	-1	-1	-1	-1	-1	-1	-1	-1	-1	-1	-1	-1	-1	-1	-1	-1	-1	
41	739	683	1951	821	1707	-1	-1	-1	-1	-1	-1	-1	-1	-1	-1	-1	-1	-1	-1	
42	562	2638	905	1231	305	-1	-1	-1	-1	-1	-1	-1	-1	-1	-1	-1	-1	-1	-1	
43	2688	1605	987	695	1201	-1	-1	-1	-1	-1	-1	-1	-1	-1	-1	-1	-1	-1	-1	
44	1772	1707	2458	905	2196	-1	-1	-1	-1	-1	-1	-1	-1	-1	-1	-1	-1	-1	-1	
45	1293	734	1004	1201	2878	-1	-1	-1	-1	-1	-1	-1	-1	-1	-1	-1	-1	-1	-1	
46	3065	739	2766	912	1388	-1	-1	-1	-1	-1	-1	-1	-1	-1	-1	-1	-1	-1	-1	
47	1397	1004	1853	2373	1651	-1	-1	-1	-1	-1	-1	-1	-1	-1	-1	-1	-1	-1	-1	
48	905	1707	2228	1665	3074	-1	-1	-1	-1	-1	-1	-1	-1	-1	-1	-1	-1	-1	-1	
49	396	539	1639	715	2469	-1	-1	-1	-1	-1	-1	-1	-1	-1	-1	-1	-1	-1	-1	
50	2766	2348	1726	3074	1696	-1	-1	-1	-1	-1	-1	-1	-1	-1	-1	-1	-1	-1	-1	
51	926	1665	3074	-1	-1	-1	-1	-1	-1	-1	-1	-1	-1	-1	-1	-1	-1	-1	-1	
52	2509	1144	967	717	1827	-1	-1	-1	-1	-1	-1	-1	-1	-1	-1	-1	-1	-1	-1	
53	2536	1463	-1	-1	-1	-1	-1	-1	-1	-1	-1	-1	-1	-1	-1	-1	-1	-1	-1	
54	71	1004	3060	-1	-1	-1	-1	-1	-1	-1	-1	-1	-1	-1	-1	-1	-1	-1	-1	
55	1735	390	1951	2694	1407	-1	-1	-1	-1	-1	-1	-1	-1	-1	-1	-1	-1	-1	-1	
56	1338	2228	3074	668	562	-1	-1	-1	-1	-1	-1	-1	-1	-1	-1	-1	-1	-1	-1	
57	2303	549	1663	1464	1977	-1	-1	-1	-1	-1	-1	-1	-1	-1	-1	-1	-1	-1	-1	
58	2638	562	2469	1506	-1	-1	-1	-1	-1	-1	-1	-1	-1	-1	-1	-1	-1	-1	-1	
59	871	2529	540	78	1858	-1	-1	-1	-1	-1	-1	-1	-1	-1	-1	-1	-1	-1	-1	
60	396	715	2779	549	384	-1	-1	-1	-1	-1	-1	-1	-1	-1	-1	-1	-1	-1	-1	
61	390	544	1338	1735	334	-1	-1	-1	-1	-1	-1	-1	-1	-1	-1	-1	-1	-1	-1	
62	316	1822	668	1930	562	-1	-1	-1	-1	-1	-1	-1	-1	-1	-1	-1	-1	-1	-1	
63	2470	2757	1339	577	1824	-1	-1	-1	-1	-1	-1	-1	-1	-1	-1	-1	-1	-1	-1	
64	2645	2680	2638	669	398	-1	-1	-1	-1	-1	-1	-1	-1	-1	-1	-1	-1	-1	-1	
65	1828	3099	1636	1199	777	-1	-1	-1	-1	-1	-1	-1	-1	-1	-1	-1	-1	-1	-1	
66	1089	1441	1207	546	1447	-1	-1	-1	-1	-1	-1	-1	-1	-1	-1	-1	-1	-1	-1	
67	777	1960	1247	1488	1395	-1	-1	-1	-1	-1	-1	-1	-1	-1	-1	-1	-1	-1	-1	
68	1733	2459	2366	973	749	-1	-1	-1	-1	-1	-1	-1	-1	-1	-1	-1	-1	-1	-1	
69	1639	2477	396	63	1360	-1	-1	-1	-1	-1	-1	-1	-1	-1	-1	-1	-1	-1	-1	
70	2405	926	-1	-1	-1	-1	-1	-1	-1	-1	-1	-1	-1	-1	-1	-1	-1	-1	-1	
71	693	1167	1559	1605	1447	-1	-1	-1	-1	-1	-1	-1	-1	-1	-1	-1	-1	-1	-1	
72	2008	3074	1772	2456	-1	-1	-1	-1	-1	-1	-1	-1	-1	-1	-1	-1	-1	-1	-1	
73	627	798	272	1464	1850	-1	-1	-1	-1	-1	-1	-1	-1	-1	-1	-1	-1	-1	-1	
74	2348	334	2301	1880	1231	-1	-1	-1	-1	-1	-1	-1	-1	-1	-1	-1	-1	-1	-1	
75	1199	397	2763	985	2717	-1	-1	-1	-1	-1	-1	-1	-1	-1	-1	-1	-1	-1	-1	
76	1207	2757	217	3093	2477	-1	-1	-1	-1	-1	-1	-1	-1	-1	-1	-1	-1	-1	-1	
77	967	2222	1780	217	798	-1	-1	-1	-1	-1	-1	-1	-1	-1	-1	-1	-1	-1	-1	
78	78	2917	2222	1780	2477	217	547	1960	-1	-1	-1	-1	-1	-1	-1	-1	-1	-1	-1	
79	78	2917	2222	1780	2477	217	547	1960	-1	-1	-1	-1	-1	-1	-1	-1	-1	-1	-1	
80	2766	2710	2694	2663	544	-1	-1	-1	-1	-1	-1	-1	-1	-1	-1	-1	-1	-1	-1	
81	715	2729	2469	377	2186	-1	-1	-1	-1	-1	-1	-1	-1	-1	-1	-1	-1	-1	-1	
82	668	562	2458	2638	3074	-1	-1	-1	-1	-1	-1	-1	-1	-1	-1	-1	-1	-1	-1	
83	1408	217	1410	2243	210	-1	-1	-1	-1	-1	-1	-1	-1	-1	-1	-1	-1	-1	-1	
84	547	2757	1395	1505	820	-1	-1	-1	-1	-1	-1	-1	-1	-1	-1	-1	-1	-1	-1	
85	1111	1858	-1	-1	-1	-1	-1	-1	-1	-1	-1	-1	-1	-1	-1	-1	-1	-1	-1	
86	1533	283	2078	2002	-1	-1	-1	-1	-1	-1	-1	-1	-1	-1	-1	-1	-1	-1	-1	
