1	720	341	1901	2231	3087	-1	-1	-1	-1	-1	-1	-1	-1	-1	-1	-1	-1	-1	-1	
2	228	296	597	2557	371	-1	-1	-1	-1	-1	-1	-1	-1	-1	-1	-1	-1	-1	-1	
3	1862	1248	2841	1415	720	-1	-1	-1	-1	-1	-1	-1	-1	-1	-1	-1	-1	-1	-1	
4	2066	3060	1651	2244	92	-1	-1	-1	-1	-1	-1	-1	-1	-1	-1	-1	-1	-1	-1	
5	987	1850	2398	957	350	-1	-1	-1	-1	-1	-1	-1	-1	-1	-1	-1	-1	-1	-1	
6	1699	1463	-1	-1	-1	-1	-1	-1	-1	-1	-1	-1	-1	-1	-1	-1	-1	-1	-1	
7	1420	3050	1376	2231	2883	-1	-1	-1	-1	-1	-1	-1	-1	-1	-1	-1	-1	-1	-1	
8	1669	1262	734	1201	1200	-1	-1	-1	-1	-1	-1	-1	-1	-1	-1	-1	-1	-1	-1	
9	459	1862	2861	2841	1415	-1	-1	-1	-1	-1	-1	-1	-1	-1	-1	-1	-1	-1	-1	
10	2465	1162	2554	1142	2680	-1	-1	-1	-1	-1	-1	-1	-1	-1	-1	-1	-1	-1	-1	
11	1905	296	968	1901	681	-1	-1	-1	-1	-1	-1	-1	-1	-1	-1	-1	-1	-1	-1	
12	3101	2759	2962	-1	-1	-1	-1	-1	-1	-1	-1	-1	-1	-1	-1	-1	-1	-1	-1	
13	1687	716	2920	2962	2759	-1	-1	-1	-1	-1	-1	-1	-1	-1	-1	-1	-1	-1	-1	
14	1415	2841	720	334	2340	-1	-1	-1	-1	-1	-1	-1	-1	-1	-1	-1	-1	-1	-1	
15	2391	720	2030	331	2440	-1	-1	-1	-1	-1	-1	-1	-1	-1	-1	-1	-1	-1	-1	
16	2692	943	1248	2004	2557	-1	-1	-1	-1	-1	-1	-1	-1	-1	-1	-1	-1	-1	-1	
17	634	2316	2618	1702	2004	-1	-1	-1	-1	-1	-1	-1	-1	-1	-1	-1	-1	-1	-1	
18	1463	2422	776	2442	2186	-1	-1	-1	-1	-1	-1	-1	-1	-1	-1	-1	-1	-1	-1	
19	943	1776	769	1868	2557	-1	-1	-1	-1	-1	-1	-1	-1	-1	-1	-1	-1	-1	-1	
20	2625	2830	1348	705	1669	-1	-1	-1	-1	-1	-1	-1	-1	-1	-1	-1	-1	-1	-1	
21	542	2422	2384	2669	2371	-1	-1	-1	-1	-1	-1	-1	-1	-1	-1	-1	-1	-1	-1	
22	1651	713	217	262	720	-1	-1	-1	-1	-1	-1	-1	-1	-1	-1	-1	-1	-1	-1	
23	1862	1415	459	761	720	-1	-1	-1	-1	-1	-1	-1	-1	-1	-1	-1	-1	-1	-1	
24	338	1905	1776	331	968	-1	-1	-1	-1	-1	-1	-1	-1	-1	-1	-1	-1	-1	-1	
25	943	2643	2997	968	73	-1	-1	-1	-1	-1	-1	-1	-1	-1	-1	-1	-1	-1	-1	
26	1197	1862	1651	1004	2316	2643	2278	217	334	447	-1	-1	-1	-1	-1	-1	-1	-1	-1	
27	1197	1862	1651	1004	2316	2643	2278	217	334	447	-1	-1	-1	-1	-1	-1	-1	-1	-1	
28	964	2890	1162	2161	2186	-1	-1	-1	-1	-1	-1	-1	-1	-1	-1	-1	-1	-1	-1	
29	1983	2030	2391	964	2422	-1	-1	-1	-1	-1	-1	-1	-1	-1	-1	-1	-1	-1	-1	
30	2419	2962	1687	716	-1	-1	-1	-1	-1	-1	-1	-1	-1	-1	-1	-1	-1	-1	-1	
31	1410	1313	374	2337	1596	-1	-1	-1	-1	-1	-1	-1	-1	-1	-1	-1	-1	-1	-1	
32	262	1415	2841	2423	341	-1	-1	-1	-1	-1	-1	-1	-1	-1	-1	-1	-1	-1	-1	
33	2278	2373	1201	713	1850	-1	-1	-1	-1	-1	-1	-1	-1	-1	-1	-1	-1	-1	-1	
34	350	2316	2752	2207	1605	-1	-1	-1	-1	-1	-1	-1	-1	-1	-1	-1	-1	-1	-1	
35	2567	2962	1687	2367	243	-1	-1	-1	-1	-1	-1	-1	-1	-1	-1	-1	-1	-1	-1	
36	769	913	2561	2186	100	-1	-1	-1	-1	-1	-1	-1	-1	-1	-1	-1	-1	-1	-1	
37	1227	2267	1683	1636	3032	-1	-1	-1	-1	-1	-1	-1	-1	-1	-1	-1	-1	-1	-1	
38	1915	975	3026	-1	-1	-1	-1	-1	-1	-1	-1	-1	-1	-1	-1	-1	-1	-1	-1	
39	2391	2440	1463	2669	1867	-1	-1	-1	-1	-1	-1	-1	-1	-1	-1	-1	-1	-1	-1	
40	1651	1410	597	2974	1454	-1	-1	-1	-1	-1	-1	-1	-1	-1	-1	-1	-1	-1	-1	
41	344	2794	1669	2435	371	-1	-1	-1	-1	-1	-1	-1	-1	-1	-1	-1	-1	-1	-1	
42	262	1862	334	1415	748	-1	-1	-1	-1	-1	-1	-1	-1	-1	-1	-1	-1	-1	-1	
43	1901	338	2440	542	761	-1	-1	-1	-1	-1	-1	-1	-1	-1	-1	-1	-1	-1	-1	
44	1977	720	2751	761	2481	-1	-1	-1	-1	-1	-1	-1	-1	-1	-1	-1	-1	-1	-1	
45	2978	761	720	-1	-1	-1	-1	-1	-1	-1	-1	-1	-1	-1	-1	-1	-1	-1	-1	
46	2316	3060	2625	2244	3099	-1	-1	-1	-1	-1	-1	-1	-1	-1	-1	-1	-1	-1	-1	
47	110	995	368	-1	-1	-1	-1	-1	-1	-1	-1	-1	-1	-1	-1	-1	-1	-1	-1	
48	2391	338	2465	542	1263	-1	-1	-1	-1	-1	-1	-1	-1	-1	-1	-1	-1	-1	-1	
49	827	1248	2560	1415	2851	-1	-1	-1	-1	-1	-1	-1	-1	-1	-1	-1	-1	-1	-1	
50	634	2974	348	798	1605	-1	-1	-1	-1	-1	-1	-1	-1	-1	-1	-1	-1	-1	-1	
51	1960	2625	2335	124	1197	-1	-1	-1	-1	-1	-1	-1	-1	-1	-1	-1	-1	-1	-1	
52	2398	2643	2946	73	2066	-1	-1	-1	-1	-1	-1	-1	-1	-1	-1	-1	-1	-1	-1	
53	1131	2207	975	1247	696	-1	-1	-1	-1	-1	-1	-1	-1	-1	-1	-1	-1	-1	-1	
54	2560	338	447	87	1605	-1	-1	-1	-1	-1	-1	-1	-1	-1	-1	-1	-1	-1	-1	
55	2962	1687	616	-1	-1	-1	-1	-1	-1	-1	-1	-1	-1	-1	-1	-1	-1	-1	-1	
56	705	1669	2337	1200	975	-1	-1	-1	-1	-1	-1	-1	-1	-1	-1	-1	-1	-1	-1	
57	2602	2557	681	331	87	-1	-1	-1	-1	-1	-1	-1	-1	-1	-1	-1	-1	-1	-1	
58	153	2602	87	350	2557	-1	-1	-1	-1	-1	-1	-1	-1	-1	-1	-1	-1	-1	-1	
59	514	776	1263	-1	-1	-1	-1	-1	-1	-1	-1	-1	-1	-1	-1	-1	-1	-1	-1	
60	2201	2465	334	713	2560	-1	-1	-1	-1	-1	-1	-1	-1	-1	-1	-1	-1	-1	-1	
61	217	798	976	1809	2222	2752	1248	2465	1197	1850	1651	1135	2316	713	1059	1862	2398	-1	-1	
62	217	798	976	1809	2222	2752	1248	2465	1197	1850	1651	1135	2316	713	1059	1862	2398	-1	-1	
63	217	798	976	1809	2222	2752	1248	2465	1197	1850	1651	1135	2316	713	1059	1862	2398	-1	-1	
64	217	798	976	1809	2222	2752	1248	2465	1197	1850	1651	1135	2316	713	1059	1862	2398	-1	-1	
65	217	798	976	1809	2222	2752	1248	2465	1197	1850	1651	1135	2316	713	1059	1862	2398	-1	-1	
66	2198	262	2883	-1	-1	-1	-1	-1	-1	-1	-1	-1	-1	-1	-1	-1	-1	-1	-1	
67	913	2384	2465	2669	2440	-1	-1	-1	-1	-1	-1	-1	-1	-1	-1	-1	-1	-1	-1	
68	2428	217	612	1135	734	-1	-1	-1	-1	-1	-1	-1	-1	-1	-1	-1	-1	-1	-1	
69	283	2078	333	1001	1868	-1	-1	-1	-1	-1	-1	-1	-1	-1	-1	-1	-1	-1	-1	
70	283	2078	333	1001	1868	-1	-1	-1	-1	-1	-1	-1	-1	-1	-1	-1	-1	-1	-1	
