1	204	2642	-1	-1	-1	-1	-1	-1	-1	-1	-1	-1	-1	-1	-1	-1	-1	-1	-1	
2	2943	2582	-1	-1	-1	-1	-1	-1	-1	-1	-1	-1	-1	-1	-1	-1	-1	-1	-1	
3	1412	1513	1889	2642	2876	-1	-1	-1	-1	-1	-1	-1	-1	-1	-1	-1	-1	-1	-1	
4	2887	1558	2691	2997	1276	-1	-1	-1	-1	-1	-1	-1	-1	-1	-1	-1	-1	-1	-1	
5	3068	1090	635	187	1524	-1	-1	-1	-1	-1	-1	-1	-1	-1	-1	-1	-1	-1	-1	
6	214	2174	1974	3075	2636	-1	-1	-1	-1	-1	-1	-1	-1	-1	-1	-1	-1	-1	-1	
7	2581	2896	1412	1872	3057	-1	-1	-1	-1	-1	-1	-1	-1	-1	-1	-1	-1	-1	-1	
8	2937	2997	1578	869	212	-1	-1	-1	-1	-1	-1	-1	-1	-1	-1	-1	-1	-1	-1	
9	575	635	2206	2226	1571	-1	-1	-1	-1	-1	-1	-1	-1	-1	-1	-1	-1	-1	-1	
10	1770	869	1115	2126	1598	-1	-1	-1	-1	-1	-1	-1	-1	-1	-1	-1	-1	-1	-1	
11	382	2825	2876	212	2433	-1	-1	-1	-1	-1	-1	-1	-1	-1	-1	-1	-1	-1	-1	
12	575	1357	1779	2430	2611	-1	-1	-1	-1	-1	-1	-1	-1	-1	-1	-1	-1	-1	-1	
13	155	2739	1575	1446	2410	-1	-1	-1	-1	-1	-1	-1	-1	-1	-1	-1	-1	-1	-1	
14	48	143	2909	2975	939	-1	-1	-1	-1	-1	-1	-1	-1	-1	-1	-1	-1	-1	-1	
15	426	48	1179	425	2975	-1	-1	-1	-1	-1	-1	-1	-1	-1	-1	-1	-1	-1	-1	
16	1987	420	791	1355	840	-1	-1	-1	-1	-1	-1	-1	-1	-1	-1	-1	-1	-1	-1	
17	1513	312	1934	1908	136	-1	-1	-1	-1	-1	-1	-1	-1	-1	-1	-1	-1	-1	-1	
18	3068	2260	1555	2912	2122	-1	-1	-1	-1	-1	-1	-1	-1	-1	-1	-1	-1	-1	-1	
19	1524	2486	915	1555	2520	-1	-1	-1	-1	-1	-1	-1	-1	-1	-1	-1	-1	-1	-1	
20	2260	915	2486	2113	1637	-1	-1	-1	-1	-1	-1	-1	-1	-1	-1	-1	-1	-1	-1	
21	1088	2583	1889	2051	183	-1	-1	-1	-1	-1	-1	-1	-1	-1	-1	-1	-1	-1	-1	
22	1821	340	48	1881	3062	-1	-1	-1	-1	-1	-1	-1	-1	-1	-1	-1	-1	-1	-1	
23	187	915	1631	2912	2122	-1	-1	-1	-1	-1	-1	-1	-1	-1	-1	-1	-1	-1	-1	
24	3062	2111	1029	939	-1	-1	-1	-1	-1	-1	-1	-1	-1	-1	-1	-1	-1	-1	-1	
25	2113	1520	-1	-1	-1	-1	-1	-1	-1	-1	-1	-1	-1	-1	-1	-1	-1	-1	-1	
26	1235	1834	2825	346	2876	-1	-1	-1	-1	-1	-1	-1	-1	-1	-1	-1	-1	-1	-1	
27	2685	2380	2111	2975	3027	-1	-1	-1	-1	-1	-1	-1	-1	-1	-1	-1	-1	-1	-1	
28	1355	2259	1269	425	1836	-1	-1	-1	-1	-1	-1	-1	-1	-1	-1	-1	-1	-1	-1	
29	578	2241	54	13	1842	-1	-1	-1	-1	-1	-1	-1	-1	-1	-1	-1	-1	-1	-1	
30	46	3027	2323	1179	1889	-1	-1	-1	-1	-1	-1	-1	-1	-1	-1	-1	-1	-1	-1	
31	1558	2937	2997	2621	1208	-1	-1	-1	-1	-1	-1	-1	-1	-1	-1	-1	-1	-1	-1	
32	1872	1235	2691	1493	2276	-1	-1	-1	-1	-1	-1	-1	-1	-1	-1	-1	-1	-1	-1	
33	1881	1117	873	1746	1374	-1	-1	-1	-1	-1	-1	-1	-1	-1	-1	-1	-1	-1	-1	
34	1528	358	1308	433	3107	-1	-1	-1	-1	-1	-1	-1	-1	-1	-1	-1	-1	-1	-1	
35	2720	2951	1115	300	752	-1	-1	-1	-1	-1	-1	-1	-1	-1	-1	-1	-1	-1	-1	
36	1469	1834	1439	1906	2445	-1	-1	-1	-1	-1	-1	-1	-1	-1	-1	-1	-1	-1	-1	
37	1992	358	764	1631	1038	-1	-1	-1	-1	-1	-1	-1	-1	-1	-1	-1	-1	-1	-1	
38	1143	1244	2312	965	672	-1	-1	-1	-1	-1	-1	-1	-1	-1	-1	-1	-1	-1	-1	
39	646	1578	1524	2210	869	1114	5	2581	3066	2937	-1	-1	-1	-1	-1	-1	-1	-1	-1	
40	646	1578	1524	2210	869	1114	5	2581	3066	2937	-1	-1	-1	-1	-1	-1	-1	-1	-1	
41	1033	1512	1922	1524	1555	-1	-1	-1	-1	-1	-1	-1	-1	-1	-1	-1	-1	-1	-1	
42	1210	2342	575	-1	-1	-1	-1	-1	-1	-1	-1	-1	-1	-1	-1	-1	-1	-1	-1	
43	5	3000	2359	1526	-1	-1	-1	-1	-1	-1	-1	-1	-1	-1	-1	-1	-1	-1	-1	
44	1357	1881	1029	221	1477	-1	-1	-1	-1	-1	-1	-1	-1	-1	-1	-1	-1	-1	-1	
45	1208	2937	2433	80	1929	-1	-1	-1	-1	-1	-1	-1	-1	-1	-1	-1	-1	-1	-1	
46	1928	3040	2912	784	1922	-1	-1	-1	-1	-1	-1	-1	-1	-1	-1	-1	-1	-1	-1	
47	575	2122	635	3107	746	-1	-1	-1	-1	-1	-1	-1	-1	-1	-1	-1	-1	-1	-1	
48	578	287	-1	-1	-1	-1	-1	-1	-1	-1	-1	-1	-1	-1	-1	-1	-1	-1	-1	
49	2330	1154	164	1836	-1	-1	-1	-1	-1	-1	-1	-1	-1	-1	-1	-1	-1	-1	-1	
50	2433	1920	1558	3097	2330	-1	-1	-1	-1	-1	-1	-1	-1	-1	-1	-1	-1	-1	-1	
51	2611	1881	2111	2975	1404	-1	-1	-1	-1	-1	-1	-1	-1	-1	-1	-1	-1	-1	-1	
52	2912	2122	433	784	1846	-1	-1	-1	-1	-1	-1	-1	-1	-1	-1	-1	-1	-1	-1	
53	2402	2951	2822	2330	1800	-1	-1	-1	-1	-1	-1	-1	-1	-1	-1	-1	-1	-1	-1	
54	2937	156	2126	2283	3000	-1	-1	-1	-1	-1	-1	-1	-1	-1	-1	-1	-1	-1	-1	
55	721	575	1921	1308	1528	-1	-1	-1	-1	-1	-1	-1	-1	-1	-1	-1	-1	-1	-1	
56	3027	2975	1477	2392	1374	-1	-1	-1	-1	-1	-1	-1	-1	-1	-1	-1	-1	-1	-1	
57	575	2113	1751	3107	-1	-1	-1	-1	-1	-1	-1	-1	-1	-1	-1	-1	-1	-1	-1	
58	1297	2299	2992	785	2626	-1	-1	-1	-1	-1	-1	-1	-1	-1	-1	-1	-1	-1	-1	
59	1833	1860	1150	2992	2174	-1	-1	-1	-1	-1	-1	-1	-1	-1	-1	-1	-1	-1	-1	
60	1528	635	2	2206	1921	-1	-1	-1	-1	-1	-1	-1	-1	-1	-1	-1	-1	-1	-1	
61	1029	143	2111	997	1881	-1	-1	-1	-1	-1	-1	-1	-1	-1	-1	-1	-1	-1	-1	
62	1061	1115	2581	2307	2018	-1	-1	-1	-1	-1	-1	-1	-1	-1	-1	-1	-1	-1	-1	
63	869	1439	1218	1114	948	1558	3000	2082	5	1469	-1	-1	-1	-1	-1	-1	-1	-1	-1	
64	869	1439	1218	1114	948	1558	3000	2082	5	1469	-1	-1	-1	-1	-1	-1	-1	-1	-1	
65	1906	2210	1218	1114	948	1558	3000	2082	5	1469	-1	-1	-1	-1	-1	-1	-1	-1	-1	
66	1906	2210	1218	1114	948	1558	3000	2082	5	1469	-1	-1	-1	-1	-1	-1	-1	-1	-1	
67	225	512	1304	-1	-1	-1	-1	-1	-1	-1	-1	-1	-1	-1	-1	-1	-1	-1	-1	
68	996	1889	3097	1029	2621	-1	-1	-1	-1	-1	-1	-1	-1	-1	-1	-1	-1	-1	-1	
69	2504	2611	1027	1922	2550	-1	-1	-1	-1	-1	-1	-1	-1	-1	-1	-1	-1	-1	-1	
70	1626	575	2912	1272	-1	-1	-1	-1	-1	-1	-1	-1	-1	-1	-1	-1	-1	-1	-1	
71	294	-1	-1	-1	-1	-1	-1	-1	-1	-1	-1	-1	-1	-1	-1	-1	-1	-1	-1	
72	1003	2876	996	1470	212	-1	-1	-1	-1	-1	-1	-1	-1	-1	-1	-1	-1	-1	-1	
73	1987	2174	1414	2486	1528	-1	-1	-1	-1	-1	-1	-1	-1	-1	-1	-1	-1	-1	-1	
74	2681	3015	-1	-1	-1	-1	-1	-1	-1	-1	-1	-1	-1	-1	-1	-1	-1	-1	-1	
75	2629	1834	2541	2681	1460	-1	-1	-1	-1	-1	-1	-1	-1	-1	-1	-1	-1	-1	-1	
76	478	635	1528	343	133	-1	-1	-1	-1	-1	-1	-1	-1	-1	-1	-1	-1	-1	-1	
77	1555	2260	1512	1922	1524	-1	-1	-1	-1	-1	-1	-1	-1	-1	-1	-1	-1	-1	-1	
78	1033	1826	199	475	-1	-1	-1	-1	-1	-1	-1	-1	-1	-1	-1	-1	-1	-1	-1	
79	1708	919	433	1383	56	-1	-1	-1	-1	-1	-1	-1	-1	-1	-1	-1	-1	-1	-1	
80	1460	1725	2671	2392	599	-1	-1	-1	-1	-1	-1	-1	-1	-1	-1	-1	-1	-1	-1	
81	2520	3056	187	1524	2611	-1	-1	-1	-1	-1	-1	-1	-1	-1	-1	-1	-1	-1	-1	
82	2681	1826	199	475	-1	-1	-1	-1	-1	-1	-1	-1	-1	-1	-1	-1	-1	-1	-1	
83	1189	433	1528	2071	2206	-1	-1	-1	-1	-1	-1	-1	-1	-1	-1	-1	-1	-1	-1	
84	2206	1383	2122	343	2	-1	-1	-1	-1	-1	-1	-1	-1	-1	-1	-1	-1	-1	-1	
85	2019	599	1029	997	2380	-1	-1	-1	-1	-1	-1	-1	-1	-1	-1	-1	-1	-1	-1	
86	261	157	1236	2714	1705	-1	-1	-1	-1	-1	-1	-1	-1	-1	-1	-1	-1	-1	-1	
87	85	1558	2402	1578	-1	-1	-1	-1	-1	-1	-1	-1	-1	-1	-1	-1	-1	-1	-1	
88	1743	1826	1033	475	199	-1	-1	-1	-1	-1	-1	-1	-1	-1	-1	-1	-1	-1	-1	
89	1439	1770	1114	1906	2581	1430	948	869	646	1115	-1	-1	-1	-1	-1	-1	-1	-1	-1	
90	1439	1770	1114	1906	2581	1430	948	869	646	1115	-1	-1	-1	-1	-1	-1	-1	-1	-1	
91	1708	919	56	3068	635	-1	-1	-1	-1	-1	-1	-1	-1	-1	-1	-1	-1	-1	-1	
92	869	1558	2581	3097	2402	-1	-1	-1	-1	-1	-1	-1	-1	-1	-1	-1	-1	-1	-1	
93	46	915	2671	2611	2504	-1	-1	-1	-1	-1	-1	-1	-1	-1	-1	-1	-1	-1	-1	
94	948	1906	1315	352	1115	-1	-1	-1	-1	-1	-1	-1	-1	-1	-1	-1	-1	-1	-1	
95	468	1860	1833	1430	2344	-1	-1	-1	-1	-1	-1	-1	-1	-1	-1	-1	-1	-1	-1	
96	6	1840	1974	3075	2245	-1	-1	-1	-1	-1	-1	-1	-1	-1	-1	-1	-1	-1	-1	
97	1830	1251	599	2479	1679	-1	-1	-1	-1	-1	-1	-1	-1	-1	-1	-1	-1	-1	-1	
98	1708	56	919	575	3068	-1	-1	-1	-1	-1	-1	-1	-1	-1	-1	-1	-1	-1	-1	
99	2035	2436	747	-1	-1	-1	-1	-1	-1	-1	-1	-1	-1	-1	-1	-1	-1	-1	-1	
100	1033	1922	56	784	1512	-1	-1	-1	-1	-1	-1	-1	-1	-1	-1	-1	-1	-1	-1	
101	1391	1443	934	630	1640	-1	-1	-1	-1	-1	-1	-1	-1	-1	-1	-1	-1	-1	-1	
102	358	433	2122	1170	1644	-1	-1	-1	-1	-1	-1	-1	-1	-1	-1	-1	-1	-1	-1	
103	915	2122	2206	575	635	-1	-1	-1	-1	-1	-1	-1	-1	-1	-1	-1	-1	-1	-1	
104	2323	1029	2975	143	2493	-1	-1	-1	-1	-1	-1	-1	-1	-1	-1	-1	-1	-1	-1	
105	91	2155	997	-1	-1	-1	-1	-1	-1	-1	-1	-1	-1	-1	-1	-1	-1	-1	-1	
106	1460	2541	2594	2709	2402	948	1439	2681	56	1906	869	2671	2480	187	-1	-1	-1	-1	-1	
107	1460	2541	2594	2709	2402	948	1439	2681	56	1906	869	2671	2480	187	-1	-1	-1	-1	-1	
108	1460	2541	2594	2709	2402	948	1439	2681	56	1906	869	2671	2480	187	-1	-1	-1	-1	-1	
109	492	1826	-1	-1	-1	-1	-1	-1	-1	-1	-1	-1	-1	-1	-1	-1	-1	-1	-1	
110	492	1826	-1	-1	-1	-1	-1	-1	-1	-1	-1	-1	-1	-1	-1	-1	-1	-1	-1	
111	1029	2380	2111	939	1193	-1	-1	-1	-1	-1	-1	-1	-1	-1	-1	-1	-1	-1	-1	
112	1826	2260	1555	1033	1512	-1	-1	-1	-1	-1	-1	-1	-1	-1	-1	-1	-1	-1	-1	
113	2349	672	560	-1	-1	-1	-1	-1	-1	-1	-1	-1	-1	-1	-1	-1	-1	-1	-1	
114	3015	425	2904	1879	2979	-1	-1	-1	-1	-1	-1	-1	-1	-1	-1	-1	-1	-1	-1	
115	490	2205	1836	425	599	-1	-1	-1	-1	-1	-1	-1	-1	-1	-1	-1	-1	-1	-1	
