2795	0	5	99
1090	0	5	70
832	0	5	2
2232	0	5	69
3063	0	5	4
851	0	5	5
2048	0	5	6
1545	0	5	7
2171	0	5	8
2123	0	5	9
2377	0	5	10
1092	0	5	11
561	0	5	12
2256	0	5	13
1760	0	5	15
1476	0	5	16
925	0	5	18
2986	0	5	20
339	0	5	21
2871	0	5	22
1269	0	5	23
1815	0	5	25
848	0	5	26
1422	0	5	27
345	0	5	29
312	0	5	30
2519	0	5	31
2014	0	5	32
2582	0	5	33
2581	0	5	34
1910	0	5	35
2464	0	5	36
3111	0	5	37
2048	0	5	39
2737	0	5	40
2737	0	5	41
850	0	5	43
1105	0	5	44
2675	0	5	45
851	0	5	46
136	0	5	47
1151	0	5	49
2948	0	5	50
2675	0	5	51
1886	0	5	52
653	0	5	55
1002	0	5	56
1476	0	5	57
2057	0	5	58
1704	0	5	59
1545	0	5	60
1545	0	5	61
653	0	5	62
910	0	5	63
1736	0	5	64
1178	0	5	66
2389	0	5	67
136	0	5	72
1275	0	5	73
2331	0	5	74
2496	0	5	75
3066	0	5	76
2238	0	5	77
291	0	5	78
2011	0	5	80
1124	0	5	82
2273	0	5	83
1708	0	5	84
422	0	5	85
910	0	5	86
1090	0	5	87
291	0	5	88
1106	0	5	89
345	0	5	90
1906	0	5	91
22	0	5	92
1929	0	5	93
340	0	5	94
3111	0	5	96
2492	0	5	97
472	0	5	98
2389	0	5	104
2527	0	5	106
1090	0	5	108
2389	0	5	109
803	0	5	110
136	0	5	111
2906	0	4	99
263	0	4	70
406	0	4	2
472	0	4	69
2040	0	4	4
1604	0	4	5
1179	0	4	6
848	0	4	7
1938	0	4	8
1746	0	4	9
1122	0	4	10
2464	0	4	11
649	0	4	12
312	0	4	13
626	0	4	15
3069	0	4	16
2407	0	4	17
1906	0	4	18
1611	0	4	19
746	0	4	20
1688	0	4	21
1596	0	4	22
2256	0	4	23
2389	0	4	24
1090	1	4	25
1803	0	4	26
1309	0	4	27
2873	0	4	29
2427	0	4	30
499	0	4	31
1309	0	4	32
2442	0	4	33
2464	0	4	34
357	0	4	35
1922	0	4	36
1844	0	4	37
67	0	4	38
156	0	4	39
2048	0	4	40
2048	0	4	41
1184	0	4	43
1491	0	4	44
997	0	4	45
1383	0	4	46
1014	0	4	47
2295	0	4	49
2280	0	4	50
832	0	4	51
1416	0	4	52
1734	0	4	54
1002	0	4	55
1530	0	4	56
1270	0	4	57
1982	0	4	58
1910	0	4	59
3021	0	4	60
1309	0	4	61
1002	0	4	62
2229	0	4	63
1611	0	4	64
1736	0	4	65
2972	0	4	66
291	0	4	67
746	0	4	71
2565	0	4	72
1611	0	4	73
1090	0	4	74
1736	0	4	75
1910	0	4	76
1416	0	4	77
1122	0	4	78
50	0	4	79
977	0	4	80
3022	0	4	81
2040	0	4	82
2737	0	4	83
300	0	4	84
132	0	4	85
2123	0	4	86
3073	0	4	87
136	0	4	88
2832	0	4	89
2050	0	4	90
1275	0	4	91
1164	0	4	92
357	0	4	93
1538	0	4	94
653	0	4	95
3110	0	4	96
2048	0	4	97
3054	0	4	98
2202	0	4	101
3069	0	4	102
2442	0	4	103
1122	0	4	104
2850	0	4	106
3110	0	4	108
291	0	4	109
2211	0	4	110
2040	0	4	111
22	0	3	99
1275	0	3	70
291	0	3	2
2136	0	3	69
1090	0	3	1
2141	0	3	3
3069	0	3	4
2014	0	3	5
2389	0	3	6
1309	1	3	7
2014	1	3	8
3069	0	3	9
1821	0	3	10
1309	0	3	11
1912	0	3	12
1481	0	3	13
291	0	3	15
1839	0	3	16
2492	0	3	17
340	1	3	18
746	0	3	19
1636	1	3	20
2379	0	3	21
2040	0	3	22
1538	0	3	23
1122	0	3	24
1604	0	3	25
1922	0	3	26
1636	0	3	27
931	0	3	29
2048	0	3	30
1929	0	3	31
357	0	3	32
1140	1	3	33
357	0	3	34
3022	0	3	35
1038	1	3	36
808	0	3	37
2580	0	3	38
3063	1	3	39
156	0	3	40
156	0	3	41
1194	1	3	42
1052	1	3	43
1834	0	3	44
1014	0	3	45
808	1	3	46
2795	0	3	47
3111	0	3	48
291	0	3	49
2356	0	3	50
2377	0	3	51
2770	0	3	52
2863	1	3	54
1530	0	3	55
803	0	3	56
2893	0	3	57
2582	0	3	58
357	0	3	59
1309	0	3	60
1275	0	3	61
1905	0	3	62
340	0	3	63
1184	0	3	64
1611	0	3	65
832	1	3	66
2565	1	3	67
3066	1	3	71
2048	0	3	72
1511	0	3	73
977	0	3	74
1383	0	3	75
1627	0	3	76
345	0	3	77
599	0	3	78
977	0	3	79
1611	1	3	80
1910	0	3	81
1515	0	3	82
2050	1	3	83
1283	0	3	84
434	0	3	85
1416	0	3	86
3110	0	3	87
2048	1	3	88
2877	0	3	89
2379	0	3	90
1611	0	3	91
961	0	3	92
2863	0	3	93
136	0	3	94
1638	0	3	95
1052	0	3	96
1110	0	3	97
2050	0	3	98
1910	0	3	100
2379	0	3	101
2565	0	3	102
977	1	3	103
291	0	3	104
152	0	3	106
357	0	3	108
1481	0	3	109
1638	0	3	110
2872	0	3	111
1467	0	2	99
1906	0	2	70
1431	0	2	2
1839	0	2	69
1072	0	2	1
924	0	2	3
232	0	2	4
1090	0	2	5
1122	0	2	6
732	0	2	7
953	0	2	8
3082	0	2	9
731	0	2	10
1922	0	2	11
645	0	2	12
2427	0	2	13
3021	0	2	14
1431	0	2	15
339	0	2	16
215	1	2	17
1611	0	2	18
499	0	2	19
3073	0	2	20
554	0	2	21
3069	0	2	22
2601	0	2	23
832	0	2	24
1844	0	2	25
1437	0	2	26
746	0	2	27
1309	0	2	28
2442	1	2	29
136	0	2	30
357	0	2	31
2464	1	2	32
931	0	2	33
1929	0	2	34
2581	0	2	35
1910	0	2	36
1604	0	2	37
1184	0	2	38
1604	0	2	39
3063	0	2	40
3063	0	2	41
1038	0	2	42
1611	0	2	43
156	0	2	44
2834	0	2	45
3111	0	2	46
2492	0	2	47
2087	0	2	48
1481	0	2	49
1746	0	2	50
2565	0	2	51
2273	0	2	52
1383	0	2	53
1383	0	2	54
803	1	2	55
1638	0	2	56
554	0	2	57
2079	0	2	58
1803	0	2	59
357	0	2	60
3021	0	2	61
491	0	2	62
142	1	2	63
925	0	2	64
925	1	2	65
2675	0	2	66
1122	0	2	67
2872	0	2	68
1383	0	2	71
2389	0	2	72
823	0	2	73
3073	0	2	74
1458	0	2	75
1803	1	2	76
2050	0	2	77
2389	0	2	78
3021	1	2	79
1736	0	2	80
1627	0	2	81
1798	0	2	82
2582	0	2	83
3069	1	2	84
3021	0	2	85
837	0	2	86
977	0	2	87
1122	0	2	88
2055	0	2	89
666	0	2	90
1511	1	2	91
201	0	2	92
1383	0	2	93
2048	0	2	94
1053	0	2	95
1275	1	2	96
910	0	2	97
631	0	2	98
3066	0	2	100
2442	0	2	101
3073	0	2	102
1982	0	2	103
2834	0	2	104
3021	0	2	105
3021	0	2	106
1092	1	2	108
2377	0	2	109
1443	1	2	110
2048	0	2	111
2427	0	1	99
2087	1	1	70
2675	1	1	2
2818	1	1	69
939	1	1	1
1885	1	1	3
3082	1	1	4
1844	1	1	5
425	1	1	6
3021	0	1	7
1095	0	1	8
356	1	1	9
599	1	1	10
499	1	1	11
232	1	1	12
3111	1	1	13
1910	1	1	14
2580	1	1	15
1386	1	1	16
340	0	1	17
1736	0	1	18
357	1	1	19
3021	0	1	20
2123	1	1	21
1283	1	1	22
1081	1	1	23
983	1	1	24
1636	0	1	25
1720	1	1	26
732	1	1	27
1629	1	1	28
2379	0	1	29
201	1	1	30
746	1	1	31
1910	0	1	32
631	0	1	33
3022	1	1	34
607	1	1	35
3022	0	1	36
2011	0	1	37
1922	1	1	38
977	0	1	39
2582	1	1	40
1982	1	1	41
2377	0	1	42
1275	0	1	43
2872	1	1	44
1821	1	1	45
1604	0	1	46
2834	1	1	47
1604	1	1	48
2976	1	1	49
156	1	1	50
2972	0	1	51
2737	1	1	52
1545	1	1	53
1929	0	1	54
1305	0	1	55
2211	1	1	56
300	1	1	57
2379	1	1	58
301	1	1	59
1750	1	1	60
1184	1	1	61
1203	1	1	62
2872	0	1	63
1929	1	1	64
607	0	1	65
2312	0	1	66
3011	0	1	67
3011	1	1	68
2586	0	1	71
1122	1	1	72
2586	0	1	73
1498	1	1	74
823	1	1	75
607	0	1	76
931	1	1	77
2972	1	1	78
1803	0	1	79
2586	0	1	80
2581	1	1	81
2049	1	1	82
2379	0	1	83
666	0	1	84
2516	0	1	85
1430	1	1	86
2011	1	1	87
599	0	1	88
2810	1	1	89
631	1	1	90
2586	0	1	91
1374	1	1	92
499	0	1	93
1887	1	1	94
1305	1	1	95
1611	0	1	96
2592	1	1	97
2202	1	1	98
1627	1	1	100
256	1	1	101
2256	1	1	102
2049	0	1	103
809	1	1	104
2304	1	1	105
647	1	1	106
2321	1	1	107
3066	0	1	108
3073	1	1	109
1305	0	1	110
1105	0	1	111