2382	0	10	29
2382	0	10	30
2037	0	9	29
2037	0	9	30
1997	0	9	75
1997	0	9	76
967	0	9	82
967	0	9	83
2537	0	8	29
2537	0	8	30
2763	0	8	75
2763	0	8	76
2857	0	8	79
2857	0	8	80
1649	0	8	82
1649	0	8	83
2685	0	7	29
2685	0	7	30
776	0	7	47
776	0	7	48
562	0	7	75
562	0	7	76
729	0	7	79
729	0	7	80
547	0	7	82
547	0	7	83
3044	0	6	29
3044	0	6	30
962	0	6	47
962	0	6	48
3095	0	6	75
3095	0	6	76
59	0	6	79
59	0	6	80
1255	0	6	82
1255	0	6	83
1139	0	5	1
1139	0	5	2
2402	0	5	3
153	0	5	4
715	0	5	5
1367	0	5	6
1835	0	5	7
2134	0	5	11
892	0	5	13
1847	0	5	14
515	0	5	15
776	0	5	16
1826	0	5	17
557	0	5	18
1277	0	5	19
274	0	5	21
2879	0	5	22
1835	0	5	24
3043	0	5	25
1997	0	5	26
1664	0	5	28
771	0	5	29
771	0	5	30
2958	0	5	34
2831	0	5	35
962	0	5	36
715	0	5	37
1944	0	5	38
1702	0	5	39
2646	0	5	41
2334	0	5	42
1794	0	5	43
2201	0	5	45
2003	0	5	46
824	0	5	47
824	0	5	48
1022	0	5	50
3099	0	5	52
536	0	5	53
1048	0	5	54
1584	0	5	55
140	0	5	57
2105	0	5	58
2392	0	5	59
2946	0	5	60
781	0	5	61
3070	0	5	62
1847	0	5	64
2799	0	5	65
1188	0	5	66
1826	0	5	67
546	0	5	68
562	0	5	69
2768	0	5	70
2870	0	5	71
151	0	5	73
2597	0	5	74
1794	0	5	75
1794	0	5	76
1702	0	5	77
169	0	5	78
313	0	5	79
313	0	5	80
1665	0	5	81
1826	0	5	82
1826	0	5	83
1794	0	5	84
1542	0	5	86
1001	0	5	88
283	0	5	89
1219	0	5	90
820	0	4	1
820	0	4	2
1188	0	4	3
987	0	4	4
585	0	4	5
1680	0	4	6
2455	0	4	7
715	0	4	8
1835	0	4	11
2535	0	4	12
2414	0	4	13
2929	0	4	14
1209	0	4	15
2276	0	4	16
1649	0	4	17
3095	0	4	18
415	0	4	19
1665	0	4	21
86	0	4	22
515	0	4	24
1464	0	4	25
1183	0	4	26
2661	0	4	28
114	0	4	29
114	0	4	30
704	0	4	33
820	0	4	34
1794	0	4	35
1183	0	4	36
1881	0	4	37
1680	0	4	38
1818	0	4	39
679	0	4	40
926	0	4	41
444	0	4	42
3095	0	4	43
1201	0	4	45
715	0	4	46
1997	0	4	47
1997	0	4	48
2879	0	4	50
3095	0	4	52
3099	0	4	53
2744	0	4	54
1022	0	4	55
967	0	4	57
159	0	4	58
1398	0	4	59
2962	0	4	60
2597	0	4	61
415	0	4	62
2036	0	4	64
777	0	4	65
2831	0	4	66
777	0	4	67
282	0	4	68
1086	0	4	69
1228	0	4	70
1835	0	4	71
1157	0	4	73
3095	0	4	74
668	0	4	75
668	0	4	76
318	0	4	77
245	0	4	78
782	0	4	79
782	0	4	80
2760	0	4	81
2537	0	4	82
2537	1	4	83
668	0	4	84
1794	0	4	86
283	0	4	88
1390	0	4	89
2206	0	4	90
688	1	3	1
688	0	3	2
1733	0	3	3
1055	0	3	4
2349	0	3	5
951	0	3	6
1086	0	3	7
2036	0	3	8
2560	0	3	9
1871	0	3	10
1024	0	3	11
2044	0	3	12
2358	0	3	13
1686	1	3	14
557	0	3	15
1255	0	3	16
967	0	3	17
1997	0	3	18
384	0	3	19
830	0	3	20
1826	0	3	21
1206	0	3	22
2358	0	3	23
2358	0	3	24
2265	0	3	25
1988	1	3	26
1588	0	3	27
1954	0	3	28
282	0	3	29
282	1	3	30
585	0	3	33
1954	0	3	34
2763	0	3	35
1881	0	3	36
777	0	3	37
1488	0	3	38
749	0	3	39
728	0	3	40
2358	0	3	41
579	0	3	42
114	0	3	43
1649	0	3	45
671	0	3	46
1286	0	3	47
1286	0	3	48
24	0	3	50
771	0	3	52
771	1	3	53
3099	0	3	54
2036	0	3	55
1157	1	3	57
2760	0	3	58
1542	0	3	59
1949	0	3	60
1257	0	3	61
1086	0	3	62
1206	0	3	63
2276	0	3	64
1144	0	3	65
1139	0	3	66
536	0	3	67
1157	0	3	68
3070	0	3	69
1167	0	3	70
2879	0	3	71
1941	0	3	73
668	0	3	74
3070	0	3	75
3070	1	3	76
1459	0	3	77
1286	0	3	78
2796	0	3	79
2796	0	3	80
2400	0	3	81
771	0	3	82
771	0	3	83
114	0	3	84
1450	0	3	85
781	0	3	86
1390	0	3	88
1001	0	3	89
159	0	3	90
282	0	2	1
282	0	2	2
2831	1	2	3
2126	1	2	4
2036	0	2	5
2537	0	2	6
2007	0	2	7
585	0	2	8
2268	0	2	9
2883	0	2	10
2455	0	2	11
969	0	2	12
2879	0	2	13
643	0	2	14
2414	0	2	15
75	0	2	16
777	0	2	17
2007	0	2	18
2929	0	2	19
2796	0	2	20
2560	0	2	21
1183	1	2	22
1086	0	2	23
1997	1	2	24
318	0	2	25
320	0	2	26
2692	0	2	27
2276	0	2	28
536	0	2	29
536	0	2	30
1978	0	2	33
3062	0	2	34
1188	1	2	35
1847	0	2	36
3095	0	2	37
2799	0	2	38
2893	0	2	39
715	0	2	40
1206	1	2	41
1930	0	2	42
2672	0	2	43
1851	0	2	45
314	0	2	46
318	1	2	47
318	0	2	48
2066	0	2	50
728	0	2	52
1368	0	2	53
2132	0	2	54
2692	0	2	55
2276	0	2	57
2560	1	2	58
320	0	2	59
2326	1	2	60
1975	0	2	61
1542	0	2	62
2007	0	2	63
585	0	2	64
1680	1	2	65
1881	0	2	66
2268	0	2	67
2537	0	2	68
1997	0	2	69
1488	0	2	70
515	0	2	71
2537	0	2	73
1794	0	2	74
1588	0	2	75
1588	0	2	76
1956	0	2	77
1978	1	2	78
889	0	2	79
889	1	2	80
2560	0	2	81
2023	1	2	82
2023	0	2	83
2768	1	2	84
1722	0	2	85
229	0	2	86
1219	0	2	88
2206	0	2	89
283	0	2	90
2537	0	1	1
1288	1	1	2
1588	0	1	3
688	0	1	4
75	1	1	5
2535	1	1	6
1226	1	1	7
643	1	1	8
3099	0	1	9
2412	1	1	10
2870	1	1	11
558	1	1	12
657	1	1	13
1588	0	1	14
2007	1	1	15
1921	1	1	16
2268	1	1	17
656	1	1	18
2036	1	1	19
465	1	1	20
2265	1	1	21
1997	0	1	22
1257	1	1	23
3070	0	1	24
2037	1	1	25
1588	0	1	26
536	1	1	27
829	1	1	28
2505	1	1	29
2505	0	1	30
1542	1	1	31
320	1	1	32
230	1	1	33
3044	1	1	34
1139	0	1	35
1836	1	1	36
1139	1	1	37
1954	1	1	38
1591	1	1	39
2709	1	1	40
2286	0	1	41
1818	1	1	42
1086	1	1	43
2414	1	1	44
579	1	1	45
585	1	1	46
2879	0	1	47
2879	1	1	48
998	1	1	50
169	1	1	51
1368	1	1	52
2505	0	1	53
806	1	1	54
2125	1	1	55
671	1	1	56
2537	0	1	57
702	0	1	58
2868	1	1	59
2876	0	1	60
2139	1	1	61
2276	1	1	62
2461	1	1	63
1255	1	1	64
2268	0	1	65
1588	1	1	66
1234	1	1	67
2644	1	1	68
2358	1	1	69
1328	1	1	70
1738	1	1	71
1024	1	1	72
2744	1	1	73
2672	1	1	74
1881	1	1	75
1881	0	1	76
2692	1	1	77
2036	0	1	78
2891	1	1	79
2891	0	1	80
2149	1	1	81
536	0	1	82
536	0	1	83
1588	0	1	84
2738	1	1	85
114	1	1	86
882	1	1	87
2206	1	1	88
1219	1	1	89
1390	1	1	90